13455888 0.00146154857879
1184351 0.000666013855615
4695850 0.000639672606533
5051368 0.000574762875979
1384888 0.000450120670195
2437837 0.000446666570933
6113490 0.000444629709428
7902219 0.000443875381845
13425865 0.000433138481704
6076759 0.000427704719316
4196067 0.000423413581476
6172466 0.000397823296841
14112583 0.000385482971376
10390714 0.000362663786257
15164193 0.000343585296234
3191491 0.000338047422597
6416278 0.00032921787358
6237129 0.000328992181466
7835160 0.000326199737819
1516699 0.000325108339111
13725487 0.000312680149329
9276255 0.000309567354633
7576704 0.000307978908698
10469541 0.000303118343378
5154210 0.00029754579874
12836211 0.000286034825153
7990491 0.000283617796922
4198751 0.000269051323154
2797855 0.000264011972564
11253108 0.00026098273596
9386580 0.000257695338763
3603527 0.000254969161082
12074312 0.000251020166063
3069099 0.000248673948023
14881689 0.000245362759899
2155467 0.00024471811602
1441065 0.0002386465625
14503460 0.000233302359678
2396749 0.000220630523434
3191268 0.000214954172738
10566120 0.000214543272604
2614581 0.000211201668378
11147327 0.000211185630694
1637982 0.000207030418227
12430985 0.000203300592195
11245362 0.000202528755713
9355455 0.000197012613097
10527224 0.000191389653574
14112408 0.000190781940738
9391762 0.000188169955943
2614578 0.000188020711274
8697871 0.000187042464627
6172167 0.000186731465231
981395 0.000185227371084
6171937 0.000178748154784
5490435 0.000178311959398
11582765 0.000173347300826
14725161 0.00016948266271
12067030 0.000167650594693
9562547 0.000167213540803
994890 0.000165398876541
9997298 0.000160694946602
9394907 0.000160522254514
13280859 0.000159005418943
10345830 0.000157616963123
4978429 0.000155270639931
12447593 0.000154928957148
8019937 0.000153288852635
11148415 0.000148833514713
13432150 0.000147855764335
4344962 0.000147109546466
1175360 0.000141843191136
12038331 0.000141298246852
14565507 0.000139065677208
4624519 0.000137645583292
1523975 0.000136245282789
14981725 0.000134895063036
13328060 0.00013474183704
1332806 0.000130692301864
10399499 0.00013020541465
14963657 0.000130036735847
2578813 0.000128410980262
2826544 0.000128203747864
1575979 0.000127322338903
1813634 0.000127152522854
2778099 0.000124107584482
13853369 0.000120935161169
9924814 0.000120241485718
4568647 0.000115778325695
12785678 0.000114506611887
7467127 0.000114472347202
9742161 0.000114300899384
3328327 0.000113592887172
10246542 0.000113264541758
3591832 0.000113234971214
5274313 0.000113192001912
14727077 0.000112910401522
14709489 0.000112415650593
5908108 0.000112186213975
3973000 0.000112119387579