13455888 0.00143798119916
1184351 0.000658251945105
4695850 0.000629974450417
5051368 0.000565939050801
1384888 0.00044507004801
6113490 0.000439619212504
2437837 0.000439441328896
7902219 0.00043737364256
13425865 0.000425377992977
6076759 0.000421589333108
4196067 0.000416677324754
6172466 0.000392502737321
14112583 0.000378696768898
10390714 0.000357441833747
15164193 0.000339380924455
3191491 0.000333818776096
6416278 0.000324284641442
6237129 0.000323688786565
7835160 0.000322179443011
1516699 0.0003198989965
13725487 0.000308716462502
9276255 0.00030565697608
7576704 0.000304530902473
10469541 0.000299306030787
5154210 0.00029382115752
12836211 0.000280065925591
7990491 0.000278579812351
4198751 0.00026445377167
2797855 0.000259527582694
11253108 0.000256916522151
9386580 0.000252902351918
3603527 0.000251586860595
12074312 0.000247074225265
3069099 0.000245401340598
14881689 0.000242623575376
2155467 0.000241229337963
1441065 0.000235164413051
14503460 0.000229901982328
2396749 0.000217083966457
3191268 0.000212449231613
10566120 0.000212042270391
11147327 0.000208264621275
2614581 0.00020821301672
1637982 0.00020463498912
11245362 0.000200221093362
12430985 0.000200183731881
9355455 0.00019374766018
10527224 0.000189360730011
14112408 0.000187349470231
2614578 0.000185369494635
9391762 0.000184862463639
6172167 0.000184579657789
8697871 0.000184216787849
981395 0.000182309018089
6171937 0.000176715345303
5490435 0.000176367442048
11582765 0.000170392829913
14725161 0.000167468441412
9562547 0.000164712124816
12067030 0.000164601303706
994890 0.000163200340599
9394907 0.000158007914422
9997298 0.000157883033536
13280859 0.000156536146392
10345830 0.000155516376098
4978429 0.000152983458437
12447593 0.000152377403763
8019937 0.000150460071734
11148415 0.000147187978269
13432150 0.000145361511179
4344962 0.000144515680409
1175360 0.000140122326465
12038331 0.000139143487726
14565507 0.000136935090125
4624519 0.00013570017848
1523975 0.000134052440417
14981725 0.000133283278987
13328060 0.00013252405361
1332806 0.000128724206236
10399499 0.000128403691278
14963657 0.000127906141328
2826544 0.000126494655262
2578813 0.000125795531863
1813634 0.000124978709254
1575979 0.000124846716592
2778099 0.00012179799776
13853369 0.000118476377302
9924814 0.00011845264948
4568647 0.000113986387573
9742161 0.000112399194205
12785678 0.00011224883786
7467127 0.000112149478495
3328327 0.000111834932093
14727077 0.000111541221372
10246542 0.000111460357921
3591832 0.000111396766917
5274313 0.000111331922407
14709489 0.000110798226712
3973000 0.000110663936005
15070394 0.000110524921697